function y1 = f1(x1,x2)
    y1=52.815+29.7971*x1+25.0159*x2;
end