function y2 = f2(x1,x2)
    y2=1.2568+0.3339*x1+0.9229*x2;
end